[General]
ResolutionY = 720.000000
ResolutionX = 1280.000000


