[General]
height = 60.000000


[NoiseParams]
octaves = 4.000000
gain = 0.300000
lacunarity = 1.000000
scale = 150.000000

